v2.0 raw
00000005
00000008
00000000
00000000
00000002
00000066
00000032
00000000
00000001
00000002
00000003
00000001
00000003
00000009
00000002
00000003
00000001
00000004
00000009
00000002
00000002
00000001
00000005
00000003
00000001
00000002
00000008
00000006
0000001f
00000005
00000008
0000000b
00000002
00000002
00000001
00000006
00000003
00000001
00000003
00000006
00000033
00000008
00000002
00000003
00000001
00000002
0000000a
00000002
00000002
00000005
00000022
00000001
00000002
00000007
00000000
